4000
492444
907659
781138
932546
491353
146107
867975
404765
135899
803962
688150
34304
737962
328040
100273
644900
888159
243385
419595
111824
149814
654100
549794
201621
917587
363356
249344
962771
210729
228406
337155
931487
600244
844859
374238
964815
404963
38633
280414
339632
542881
191932
349142
934339
864099
953555
674120
114899
373565
541901
162709
229801
313970
376055
399693
956914
952298
83788
529984
253958
704305
792712
565506
407504
748315
131756
911370
410406
58730
994163
252201
404864
383407
252856
933467
273214
969428
611793
829524
666997
333860
234885
144305
303542
541948
461473
359263
975521
504473
537035
890873
650812
302157
974963
980679
758590
953223
585893
850660
198417
732194
199802
41563
691
678782
970744
841420
72116
273457
147929
587016
467839
752020
805973
871147
474426
197512
214773
251901
458730
80436
809855
663761
605452
360923
328854
422947
462822
200958
843612
851791
50697
252693
719697
440204
24969
244804
579708
7138
500315
923683
216785
956401
813537
275947
256536
459809
176649
127437
340633
700038
529842
57136
502513
821996
492276
611446
152010
358487
948261
976236
673283
147487
510468
628242
983124
355746
23191
961316
73143
440900
816073
210684
231617
742893
17590
104556
806268
700464
378484
913298
468998
97423
489532
826711
805699
519789
962498
118174
390143
103163
963875
822875
30146
862801
826403
504434
282646
898595
987823
857459
9011
72254
891753
755115
116259
87257
322956
249637
476903
559275
162488
468296
681410
132544
546563
408457
303690
924220
904639
313317
843469
905883
174249
810092
889095
799574
12721
458281
307367
215593
309703
507556
69986
572592
240649
686151
95910
518968
534111
154107
882826
399560
650752
605185
970340
611930
586364
710416
250648
119187
528888
772842
974239
576004
136300
897884
140448
876582
125224
582717
212150
459838
701848
118790
450142
83028
353386
407766
236692
485174
994546
949428
185709
275519
167222
410887
641820
474904
821717
850961
255822
743649
864581
587372
340019
516711
900339
100224
487092
370632
890834
936057
901161
628305
901293
39293
953441
922482
325703
93910
281075
225123
570087
3244
941510
78038
297358
383766
130980
502131
141447
7257
812331
861449
231936
146023
598532
970109
595645
452899
183303
830384
909342
647482
162235
733499
179137
951087
370762
764179
733112
591220
18483
478347
556940
596316
286548
327748
421476
581169
513051
46339
4358
691299
611006
911849
864609
596968
785254
494243
951092
136354
674211
671209
34111
851733
615311
194479
770346
178044
913625
102520
640049
646631
973311
94260
666362
684639
354882
596954
857192
737765
560778
347788
984120
883290
583574
19392
922257
122388
288636
274251
757220
491263
780521
858166
579730
208541
704656
654141
580724
279773
874862
944843
303079
464871
486199
62829
438797
826899
768765
632845
428118
616975
744007
575277
868860
561040
250834
223440
818475
742315
998812
786375
653683
41698
178008
441665
283848
861221
374143
318670
935412
949997
119975
143975
837449
21487
490643
698195
259195
286649
52658
932081
781652
477772
96400
923259
494919
1091
525980
311999
634946
67168
958696
686524
479612
42202
692220
146874
449146
654833
420320
772463
911418
259578
131198
897170
310997
461713
719117
738315
154053
946455
491566
575952
61195
776682
358740
651207
669755
217209
146606
209310
600954
715847
505528
883649
399995
792843
597017
21797
167228
834026
815724
880214
116209
593624
328833
71120
230995
271383
248000
274946
86704
718761
539210
604513
448983
20819
527487
150125
442434
243594
456218
839712
182751
840674
474504
887716
1599
287913
116326
273829
314434
437796
905869
626965
385151
521930
901004
100640
178986
87977
844645
168472
185119
454698
106548
987496
573307
318789
887998
107372
750241
65158
927173
959982
597099
551034
667619
804962
663466
106118
269661
934474
517930
234358
830216
345710
598804
43781
679017
37684
336017
753520
217769
405091
102197
794239
775344
486712
522309
475524
605349
741094
194409
759037
312911
592536
937610
404684
182560
282025
849461
920541
651280
779930
384071
887877
409563
173516
367633
244447
107408
422413
462367
384569
554418
681432
877835
138982
840076
197931
536364
175350
472030
76168
521737
805409
187087
312469
554198
350900
532292
864513
540250
606379
407736
428269
556335
681939
507707
186670
320536
724811
980618
434523
999242
463402
458844
395580
275906
652364
837334
327557
719633
465065
318413
526178
734005
25156
7151
626381
517919
412901
419149
225369
296893
480905
177411
925449
497290
608146
488289
24452
994729
594005
910823
695490
295511
913249
174442
81767
563189
433018
583784
336812
527218
292425
390543
740143
627708
138176
339406
49712
565678
298195
570087
632569
433179
231201
572138
173154
98147
278398
3654
934643
4012
525677
760499
877279
1735
633378
957601
420628
703204
695216
946738
573650
300963
197483
302366
528171
339746
198153
942827
750238
917124
676290
895459
997824
837198
990896
896852
725125
31975
232595
204347
721867
323485
394055
955708
574495
256730
446846
700998
306304
82284
88098
826527
823851
72202
465729
300586
90538
914195
869475
643524
423371
241609
14200
889815
952395
832912
534607
281914
66236
790782
755884
837149
137608
266267
857142
355858
219682
533801
570906
610632
509941
437231
642488
793638
351880
983401
242876
608780
906927
529058
912419
5095
333262
865780
430714
770215
447378
327382
801171
504390
583809
710551
649551
647390
757434
429536
839989
924965
8500
549572
799678
808037
728628
202102
3062
497692
40220
217475
978314
828058
634827
44698
129963
53457
437375
864241
225157
347240
604444
538696
165543
661241
143568
729117
8603
935949
675337
442892
129794
92653
943653
480393
80684
328819
64280
439678
286577
528205
812999
349353
99535
84893
459470
23607
752102
797283
8342
540071
382453
355381
25188
434741
651409
819407
507118
163327
737015
796969
472049
950072
423615
429018
14353
561534
783596
284536
339038
229547
938960
806201
933788
487344
635946
903969
382986
721674
315195
697179
147075
832871
515132
921818
863614
732618
566997
803864
54880
828705
850801
928336
203291
42214
831982
340228
835420
947622
771405
355572
672526
999220
561124
79044
962769
586023
340016
693741
662136
520780
31062
696190
518963
620845
512795
453680
58189
754116
889787
239254
877485
73262
918909
886295
874864
105022
897538
355068
37203
568059
979665
685234
441406
774749
153009
344180
19830
960853
588460
86234
274520
784336
68827
584646
201629
166254
542339
242648
531589
734067
131069
585716
549469
511779
525527
962605
294264
998366
801509
470452
289794
158191
490862
857813
951990
673558
376246
526555
880827
100580
183818
372317
227278
69337
571375
856382
933180
388886
990646
549346
517741
13576
168915
232902
763659
740502
684379
308945
19932
161126
224692
136545
734162
394607
316684
486457
852697
700825
515465
247987
515542
786338
603155
737783
813909
665455
915176
371433
950197
572632
824750
93029
828448
317743
868359
356433
267106
796678
624086
626687
595127
283425
347578
595125
688405
393256
740678
645066
971475
206087
767073
485663
500275
847954
857076
593434
562728
417133
637835
433236
478895
898835
319433
783212
879643
842830
901534
740837
168136
82311
761193
923548
943389
377933
171387
820899
73102
779866
96213
678543
344252
46008
94629
866254
596771
958999
678797
720079
557958
750860
309300
572245
534155
890848
646786
219902
892386
578842
594796
464258
159864
124557
32323
94740
736887
687728
623111
930839
539004
934950
528424
85502
596114
549429
493793
599100
428556
972671
895319
523416
56064
76229
28331
493140
448765
610861
138655
770211
699807
592246
304500
755048
807403
670
286445
613760
523588
664332
364625
330803
586069
895820
529219
91408
227913
324144
833021
796626
770614
818156
730198
630088
690711
622583
152854
371544
585568
616194
668043
728119
488563
718617
386288
325005
899901
359134
722442
553205
669048
295444
308059
652690
256584
293912
977052
138622
508118
88443
410742
877434
734500
365338
450683
375618
395406
45966
776899
157497
849597
874655
241387
965065
850647
981323
412051
593651
549178
280896
852243
698952
272370
798550
368971
357923
139269
791806
8424
500448
874689
430544
749269
965667
710388
543532
620633
381326
410550
299865
906345
659764
965077
955230
208295
926051
419188
442564
209146
269462
536492
766599
851103
906764
912782
799611
325076
957672
649799
87714
853158
41027
752699
922673
85280
36433
180309
335185
492760
509984
875400
732846
892386
698365
539169
901913
248800
619087
447232
106131
895840
163918
633676
920810
716042
792595
860995
746953
836552
58866
752481
22028
281361
213382
460070
938948
192086
304356
481159
876949
300851
209298
790651
270655
745987
34601
909852
997143
695523
144434
50618
141422
123101
586224
348604
718408
519820
177040
602275
528957
770001
106216
285708
606778
595920
551573
311975
723578
32915
850702
857059
857706
296265
551729
181006
190411
433789
489214
912005
48441
75796
916589
357807
971142
747277
392750
589076
584365
233964
857141
833288
660190
472725
957533
170141
469463
476143
554456
831076
740014
170227
299626
376223
161594
141615
253410
920205
272852
351572
605126
416038
610911
495306
944845
855495
394533
807826
477040
229150
686156
35953
742407
794453
714493
186494
300767
338597
894118
205980
933720
669443
389773
502267
477274
543078
316365
620686
282534
42127
145908
489726
70854
229817
992956
559456
945392
747406
788212
978196
959067
214032
73086
254477
380029
737761
770817
770140
688751
242185
703326
652841
257739
376933
813528
417288
956099
253798
949035
18485
49820
661671
981392
860812
385095
353408
579753
770070
266231
317154
189536
106535
818452
767176
292000
314561
5300
393440
743711
439834
862715
948917
756963
197415
624699
215984
704840
204199
744974
372448
580951
696729
224527
750610
48704
765334
541287
501736
84760
201332
807502
846006
922969
429491
932288
965110
981384
775505
481991
213236
91800
939817
512849
973414
534760
936563
733096
613204
297605
278112
473307
467440
916244
949461
591157
778541
269296
71575
378214
489537
476872
504487
234590
223870
543246
250512
40979
629302
381945
568171
153520
456480
889099
507260
726928
222790
8029
388284
841450
986984
203838
589418
438796
142442
378349
524192
533102
446576
427982
230244
812252
691164
568644
198204
394115
355110
513908
485415
268979
841140
236902
251030
381610
902159
32208
270027
108563
783708
946437
684707
184793
551592
934957
952730
179383
697635
231144
907187
592406
633826
951752
711915
761388
541382
782104
654037
430306
419901
885886
547922
805442
698180
472526
813355
923678
883745
991259
518110
860334
12217
638620
595872
106369
37607
819207
530373
770985
218330
472401
267911
832345
293305
949775
768498
192526
755038
380406
38742
891240
42869
75493
969230
955613
913654
882314
566037
887875
353827
964960
522738
896051
262205
238381
656757
740263
604197
85231
710422
580090
722143
917431
661394
704588
157708
829238
993502
870360
113105
710006
526284
109952
331729
330712
965140
151138
887819
730350
666888
408342
911563
113023
518468
373420
911662
344776
743752
790177
835926
652449
89814
80033
471410
774321
225486
302169
619593
770900
903221
308642
387578
595718
440652
995642
898675
444214
454765
551676
410040
696555
626023
814108
377188
937318
179644
386085
128629
522385
119717
199812
279794
770898
36184
868347
203647
223490
560983
169615
629344
810054
926034
202361
315361
831429
391665
634468
271351
790619
707402
166968
767828
945455
431540
513318
405970
836628
511818
253423
745539
323044
358833
267866
167665
704656
246313
992946
319540
652180
686927
155911
846657
332293
941614
426183
173180
783674
18683
778402
353581
362994
484608
723380
188946
195415
721625
972200
667344
32929
326368
553575
39177
454126
166812
449023
625981
769218
319966
415465
609947
722856
920611
440000
999692
405550
299461
64069
705044
394859
158015
935280
496570
565519
721809
733251
234538
362284
254398
902237
726314
585276
910829
647726
433103
194571
252801
412388
742441
454865
75435
371809
476792
308735
328658
288598
880872
506713
890486
733670
295349
456761
592898
785136
710716
879
553624
926353
657210
57736
996780
840601
429689
844952
578598
864916
506895
887330
894077
144032
526289
817043
833041
141033
685908
874580
728769
64816
649286
57386
113963
773617
812363
660174
921114
28288
841169
302253
775726
248413
185966
403004
33445
744704
357228
664506
997599
532659
672682
42469
768381
694595
655258
3231
370924
828053
972866
854195
342900
394549
149449
348808
190324
32597
674779
755384
578806
798528
580095
939949
578392
151149
970984
731703
199887
643583
684852
53713
634164
843628
826467
712006
485230
78439
940383
38586
527573
871998
893339
570459
783871
825840
946495
267383
493551
818095
581060
590538
270367
490422
790265
985040
608036
794768
268662
564824
606144
251421
742100
894035
651157
424007
629458
95573
161033
940122
648332
601254
372488
937904
7888
960546
890925
321640
856854
960828
667614
624566
265860
195251
680026
587217
491862
992279
466707
106358
672271
905128
957517
290653
420872
783807
349367
917421
663217
61067
962526
494095
699015
529177
703144
213389
134155
888527
99961
728238
555924
981621
508635
704072
578609
616978
498408
765287
119475
540032
383845
123556
885983
924003
270295
974798
316443
911123
861688
165900
572020
491286
51990
999251
664095
56513
149452
654036
160011
191640
66821
380249
967287
493237
26280
650027
394790
745569
759028
253971
987637
458954
862927
501219
733711
528445
526777
341227
940651
529254
591558
318595
416946
190512
387264
246094
435179
58942
464679
78846
251370
319469
222363
50019
128395
775182
943225
835162
248966
639210
588040
74493
520151
319346
705196
644338
618972
960351
787874
628799
508524
918757
384332
190520
665994
747767
877221
407520
852063
104807
505222
530205
289950
869765
994813
121877
234512
30146
834721
524436
463005
963494
400681
316785
596240
347976
796949
493320
461628
345985
357555
986882
897819
669946
958084
722474
66025
919240
389728
804333
822105
440946
600153
889528
790603
376280
463257
323273
474173
339340
993636
379355
511435
477806
335473
864156
715442
986747
252049
387119
831443
289141
991033
329099
876269
528571
319408
294134
238691
418479
556284
688827
979305
881823
505215
466029
753507
566115
468991
62512
428824
14943
76380
455968
560840
760080
475180
512952
228816
66562
133624
202606
809350
506298
997382
823685
168369
16116
954271
395313
399347
694621
90209
113217
743471
671685
147998
564026
136066
494262
244836
887644
750494
753774
159987
317680
676735
241041
204408
840484
693867
942379
663928
115018
237254
95365
109927
393085
287123
796977
929944
922356
224837
325586
850600
960583
589357
138205
807870
556427
5667
334420
583537
185997
819958
878621
870439
702551
552930
441594
648279
455834
974080
65214
687463
229129
538670
455782
880495
49460
723474
514497
728484
46726
825264
81449
683453
355253
363243
374462
926658
893600
279416
674470
939208
10986
829804
461851
232881
610451
411267
916325
586112
577358
744295
69630
165205
7541
28115
142072
698240
585699
340376
611003
142017
595477
712285
397558
428443
724399
943892
437575
250895
510733
929483
867733
150436
877797
850646
99698
716350
987996
360873
947789
377554
157453
435969
888053
409295
876597
616550
974982
582271
923303
271383
787720
335966
49564
9477
488899
175311
109243
72418
64329
846400
890112
961639
655235
997128
473123
215041
353479
396145
447072
726893
848258
845956
175891
416349
15441
421116
757514
372848
651763
975502
202882
31055
431491
445356
350453
128271
761556
477352
183425
108605
680004
250434
440380
436305
694278
447804
311930
926754
706813
763551
64274
880213
202456
840871
548139
264062
150729
300547
800879
55511
265238
551464
405446
306770
240267
461257
408523
349434
407694
110513
747863
493538
327330
18535
793296
391113
86167
371839
679200
831244
879765
347075
332885
11108
795428
44793
73952
504746
915604
279505
474724
683414
117233
960248
374946
755482
667311
632643
527729
800905
11594
677124
154828
350890
745734
577481
346418
560003
856983
805002
448995
423858
675048
385668
656385
709067
389328
242730
146520
734343
195549
800004
814966
183835
297230
958564
155071
640651
656135
843421
360093
559701
367417
628838
150760
74712
552932
575272
235739
586623
96150
499222
184208
351894
840609
482650
73862
924253
134223
217076
811957
255991
476604
273495
392004
882630
719969
951822
278073
685787
936792
142350
30728
854594
810607
577741
926681
630838
732208
907591
817562
735011
738132
485897
672019
848796
585347
523965
683020
756733
268785
351889
896397
75650
390778
908699
581647
604235
928643
176580
51286
895955
364838
637747
736547
103823
621062
236681
500396
523582
580240
975778
324675
94925
592776
643644
840330
50639
179147
622436
989202
757187
456283
736017
259527
941479
85074
529469
58142
253658
828045
278474
172018
467075
685321
394093
200894
780056
162449
486179
668037
648176
652140
197335
659625
32884
300305
704974
690241
121441
525363
889589
496656
992749
95056
771719
895289
741109
415477
513843
197611
59276
877893
856822
470770
569515
827243
132707
697647
47591
571686
638671
576685
721393
265558
687883
729660
173092
652359
40515
406366
745953
646876
976026
404248
456617
881400
357691
185126
165422
721348
631610
247981
614521
709091
519780
453528
464870
168652
53470
879060
147638
242412
404180
109476
337512
105472
775638
631867
780050
657702
352255
503382
732236
644873
132777
100897
4465
587459
674163
397111
982691
75137
891537
140644
763959
649685
177885
333916
394628
624217
878327
180147
501608
373705
287397
853871
515874
124040
646506
739756
485176
566142
705095
18480
107560
669493
912601
669403
408602
262171
402191
489767
676088
161497
660637
664311
85859
210639
656716
866582
766132
424273
725729
288489
845672
98527
904223
218499
126290
443790
906544
483888
692447
147791
96846
16238
909834
971819
921843
600268
225261
762063
588418
290374
934000
890623
457120
990379
285602
150684
410056
619412
143269
43102
970467
615975
793979
82917
578277
687129
707177
416501
343600
91689
186564
943149
829645
162327
302615
290729
644543
80219
218422
91321
639563
205530
413815
320115
294572
899083
558335
366363
364755
631944
824813
457950
955880
200102
854922
382833
470377
163578
273940
526952
587904
768816
732869
880746
620947
887937
59154
772763
37234
402235
686171
817334
825843
481945
772771
473456
25625
410245
385103
211147
654586
813334
246873
481199
33016
571530
242361
653995
224127
898961
536216
242371
458392
731315
541972
705632
964610
779620
955520
646518
381706
921015
687155
721904
721443
469523
180545
821507
128682
666762
499970
668016
766740
544597
418485
631905
788694
380117
93585
239149
797438
667138
615898
461895
536423
538799
86637
104577
194549
415338
388380
863714
525127
113577
654563
15616
442872
144813
332940
532231
294879
320921
52617
254198
384131
89917
32853
863441
231022
968859
838715
245806
557497
762773
955810
592196
164539
119296
173636
449335
575126
694973
955122
834569
159407
355634
600483
392951
689447
458935
689218
689552
753852
654845
258165
814095
883065
518951
291200
954112
455932
759441
906785
852154
98312
602932
359571
948340
575025
517400
812793
476979
569416
174849
29042
61927
583922
224273
314778
921606
931674
610691
415752
802263
295835
740593
91047
848692
86737
500611
236503
772887
761107
644478
192035
911469
885897
244607
683883
669263
761911
248820
285451
779184
471850
342448
648364
798734
569015
697123
225758
476240
256556
177538
309762
563116
356277
880776
174200
600835
569840
598572
245782
849955
323988
187282
321973
183602
286812
663803
658571
950678
495861
969897
910746
467494
848688
352794
604567
913755
600585
261915
895660
684174
815902
509715
684108
211168
362239
57882
663580
323166
365525
451040
140334
377377
699257
492987
789848
507343
923591
516219
839128
52464
966807
560298
135944
140982
878637
299292
735054
573175
413130
657314
95148
437486
675078
11132
801864
173967
207203
108388
462730
74113
826745
737799
903055
412261
132688
729505
483615
321586
719638
412117
91912
878528
346063
515536
983315
779999
831713
795635
440793
920341
890582
582159
857407
23175
688744
376075
627188
799962
723494
840100
620430
682
519903
156614
754250
993871
239485
364741
532419
141546
192114
786865
826112
735626
904733
483480
181129
763453
522493
195313
726097
747796
315351
976676
470533
129437
590866
226180
953588
550481
752481
409497
542975
62538
528019
262091
725877
402905
978840
758282
955369
688456
480221
685895
309387
734883
140361
949249
201346
829099
905447
219419
935569
202108
413152
143605
631977
529734
979082
926601
101738
426562
743770
561417
152614
399858
229043
937887
290812
208633
723424
869876
465768
172596
843208
211347
984994
366582
690316
643732
937983
640359
375395
579619
723717
753184
384780
628336
558149
625757
863859
806802
567537
85761
937019
296278
17203
736311
53299
512706
406646
600720
100597
155532
277991
441277
564744
994718
566129
331687
239785
581426
606620
475862
294114
484369
76588
151605
767511
613073
847970
830446
672611
554917
419619
261166
21346
321421
965110
860318
678823
122486
818098
734959
890025
823094
41014
545421
787768
636009
255517
418670
214886
266550
207422
662244
857063
266566
329538
454281
537271
622836
471573
312824
571134
271466
677607
463151
998553
158170
187673
876415
324960
675679
368533
146168
162953
634950
110659
287448
890030
505744
678382
112095
88655
663539
160931
686629
553063
666951
105533
950931
493996
646845
660038
921111
90666
634488
392440
990017
119901
963286
134006
589827
794576
941842
218295
326045
278671
437625
488589
233209
415139
588019
745340
820030
658811
986990
239885
875657
832373
886973
204438
660876
319087
517404
795173
341951
543292
752561
82727
847659
467388
536385
575401
647858
961921
670408
98070
574673
189900
157260
216147
445346
757171
773180
691171
302282
283572
961175
689818
220054
835993
358309
664903
140769
187119
818852
958217
571366
67948
66743
766925
698013
436800
84188
402140
221397
910287
929358
261558
512815
887448
752932
20916
172614
440661
862865
964879
249730
504780
83807
328052
359812
987475
636931
505614
292938
181633
573614
651771
131209
952102
530717
449552
910016
523999
488465
81524
480141
493579
700993
653814
233306
570293
744431
293488
41008
600176
799766
697698
248871
662567
262687
630316
252531
667515
117940
542840
869516
926211
659593
662468
647947
562190
953176
650831
883805
833271
324086
203669
325461
901774
914959
874449
751718
453786
442067
289923
406967
616401
225929
412672
640676
341352
370507
391081
819081
164059
980187
956815
897282
276020
357394
918551
519065
773729
48870
973597
797182
70190
989040
458045
648349
491692
483080
451099
774073
884570
123244
105499
354054
565311
942275
882016
720408
853928
864022
33023
856765
628897
198426
783329
276764
718159
155824
912295
555308
979030
707629
156937
562267
784174
55344
831332
973576
227443
242767
303716
614370
192413
745080
510113
362491
38869
410244
288325
803419
522837
965824
6388
931069
783112
276923
744257
65898
338465
270929
98876
277944
704126
313851
501694
773628
14903
439449
935769
972615
760258
618750
292127
13031
535167
886592
310561
271615
684959
240387
32232
872590
151565
667899
80575
899078
906051
731002
657053
427878
545833
397863
34159
999857
692672
684634
184639
904554
499490
986295
684108
619897
565277
814424
16519
672408
547276
516680
662916
220229
757383
869699
777990
243371
35260
441801
240566
392905
280584
715331
734490
300995
808449
414672
442719
784251
81320
561205
95710
870595
268993
463629
816786
269871
9993
576427
668996
13478
886704
815248
377573
657538
927915
701298
520927
337462
758512
785547
481724
78013
956076
485412
733011
951578
284331
89760
255486
585833
16051
649596
220410
335596
574497
932288
111394
167842
496970
905347
275618
933449
808475
701368
382891
724459
664144
130388
94999
372876
42328
12430
793684
356734
903438
50533
865207
326963
968526
368842
713627
820664
598833
234159
443755
932563
933662
731451
185011
574109
609093
592084
243664
821132
510779
804575
230071
390961
830243
972230
760103
80802
732882
226670
733331
906488
253749
420758
598181
50555
729953
103128
188620
419028
48630
836412
209777
223835
829044
31359
791447
466177
113264
468215
696082
265870
815799
654716
526502
484978
100874
80861
711587
559361
169491
76471
36680
712891
512404
527764
373114
97841
359469
983014
72698
18539
466810
222004
872887
757269
323773
940654
802134
92455
461053
645964
306113
584361
182420
261432
812594
407123
633373
367287
631124
961015
924128
274805
460579
786345
773034
383198
806465
866739
349657
637176
662063
144378
43446
490661
510913
235772
269292
518129
812960
195430
961791
368547
655836
767455
956621
396665
573488
279196
613773
988835
680683
912163
344561
712137
478519
227631
66895
958410
497730
685119
239891
915780
321927
339269
584709
598070
497741
405379
954814
670760
981801
548157
222792
867097
513694
129790
501353
547895
272888
89051
566877
982370
935880
317040
695565
702314
888445
34535
783191
428466
365058
662964
296407
438330
811717
414255
544945
902281
877514
161697
943586
386476
439373
627911
227721
378144
670434
422496
139598
178864
776917
29832
343403
130801
80396
884760
594302
148648
168939
604531
154380
468121
231438
339762
555794
630417
19322
690759
417492
513438
882672
538877
393400
948221
544102
489457
583221
959897
244768
157340
113158
27135
83273
649902
812779
940649
479321
457654
611181
908840
609849
393421
137624
884106
625268
678210
206838
314845
602896
325482
568139
976923
928096
323694
964040
623282
775356
148225
6087
680440
822886
508416
601439
305016
981291
389159
916888
912877
352150
408502
797371
826350
765101
558694
535484
262647
786589
655488
133036
158590
637222
248380
472220
408889
956998
830069
367224
615365
498632
317641
235952
792197
286186
699746
458379
955474
123179
313434
129105
21633
298064
13484
102895
645189
123784
310450
37890
5465
697890
457469
568546
356983
565525
895071
33619
845281
304112
347870
230554
130718
272016
251282
427948
547723
246130
750300
99277
983802
27918
884616
613542
26237
569891
356205
727761
197904
224327
941747
287373
115948
949653
515144
429373
565322
890249
132898
974149
179513
124072
831624
613374
37234
544437
111634
833785
185757
471298
301214
507774
795143
509990
968954
478376
605566
992612
196614
180301
147387
169182
825548
143886
421253
437787
128892
626881
83275
765562
267497
313624
88608
494058
696124
544384
179091
881766
40720
737364
632963
433418
909165
466335
532305
998838
560830
955572
199377
124651
108934
910552
172715
242167
372689
693496
295716
612113
872563
671307
282285
589665
853337
856878
97277
527385
574355
65742
120845
240297
766376
908352
830347
527233
731643
763516
389125
124292
594955
484623
873744
173672
242855
583293
136819
149444
885468
329354
232644
860640
885467
968469
353291
702492
562361
151094
959673
592368
939407
140316
763402
281086
245145
335216
645893
480539
133443
497786
384943
275976
726809
305292
413257
562738
390361
613564
988497
666127
174686
323237
643431
798504
417932
968284
770623
920138
922299
840277
38084
257659
991313
319581
530533
914496
323951
527912
744268
208672
316134
971852
915331
462609
306145
427608
465039
472418
557228
509348
181887
612944
860191
251441
579291
385661
751660
54845
747002
367108
959251
488729
147036
680600
405355
663064
648594
644026
72081
573958
509881
262926
377919
934943
817135
905154
253581
124705
493642
328023
152259
325150
842878
451820
965887
455407
500430
934430
528122
397536
284163
287587
900671
89304
847352
811843
133883
822046
162015
332037
420724
543725
521709
542599
751419
972919
299233
115695
647407
449513
976465
288597
890731
845864
128965
116306
735073
93601
519249
124107
419936
439538
805927
71630
956516
768806
42516
836375
357306
427590
188050
188549
20051
656221
234141
172784
845554
633911
357822
506320
611568
305687
111421
27795
216047
755246
438048
689018
355602
780800
236552
658330
614499
324500
578511
959210
403108
406333
807825
78061
380590
